1103015371 753
1103028370 753
1103094660 771
1103248549 829
1103281079 839
1103364276 839
1103365179 839
1103394783 839
1103404495 839
1103536293 1507
1103541376 1508
1103613066 1527
1103694542 1528
1104197595 1567
1104211466 1576
1104218956 1576
1104381660 1705
1107001443 1705
1107330036 1706
1107422691 1717
1108029879 1717
1108404220 1717
1109242351 1717
1109242603 1717
1109252814 1719
1109254328 1719
1109261725 1719
1109441479 1720
1109524690 1721
1109525234 1721
1109557828 1717
1109558254 1735
1109560432 1735
1109562895 1735
1109619808 1736
1109685108 1767
1110405416 1775
1110406317 1775
1111485468 1780
1114869455 1780
1115548413 1780
1123509639 1828
1123516559 1828
1128240110 1855
1128276082 1881
1128314822 1895
1128362774 1914
1128792519 1935
1128804302 1935
1128806967 1935
1128808247 1935
1128945418 1957
1129500969 1957
1129511264 1957
1129594708 1957
1129671330 1957
1129749409 2188
1129853247 2188
1130024729 2220
1130046732 2220
1130094494 2220
1130128283 2220
1130216853 2220
1130232030 2220
1130357274 2220
1130358549 2220
1131252525 2225
1131253029 2220
1131491719 2240
1133040358 2240
1133204795 2256
1133209172 2256
1141556663 2257
1141846477 2257
1141847031 2259
1142013660 2259
1142442718 2259
1142522624 2279
1142522824 2279
1142784803 2280
1143738409 2280
1146074408 2280
1146075196 2280
1146327063 2280
1146903975 2298
1146904858 2362
1146907199 2362
1147021900 2362
1147022669 2362
1147023033 2362
1147200913 2363
1147201195 2363
1147201681 2363
1147202796 2365
1147284975 2378
1147337535 2366
1147351267 2573
1147359686 2573
1147478559 2678
1147599736 2682
1147618823 2682
1147621878 2683
1147632474 2687
1147676932 2689
1147760969 2704
1148971116 2722
1149001866 2722
1149771750 2747
1149791024 2747
1149858623 2748
1154602243 2757
1154662893 2772
1154663103 2773
1155704979 2790
1163432668 2819
1163432738 2819
1163609022 2830
1164544272 2830
1164548156 2830
1164558710 2854
1164891335 2854
1171201941 2583
1182664970 2598
1182665306 2598
1182704496 2598
1183182442 2598
1183232077 2599
1188252965 2599
1194715389 2597
1204562060 2597
1218171105 2597
1221400017 2597
1221899744 2597
1221901230 2597
1222852799 2597
1222855046 2597
1222855051 2655
1223142404 2655
1224470942 2654
1224472805 2658
1224478186 2658
1224479968 2658
1224502961 2658
1224513496 2689
1224515366 2690
1224515466 2688
1225040495 2686
1225262386 2686
1225873686 2686
1225874977 2700
1225875368 2700
1225911169 2714
1227338724 2714
1227364464 2714
1228141452 2714
1228141979 2714
1228144074 2748
1228370135 2765
1298811346 2765
1298811373 2765
1298812266 2811
1298812293 2815
1324137905 2093
1324554673 2120
1336136521 2131
1338896208 2164
1338898221 2164
1338899548 2167
1338899825 2167
1338912085 2170
1339218608 1505
1339312937 1506
1339434418 1506
1340473749 1506
1341491866 1514
1342292488 1514
1342296394 1514
1356714191 1513
1356714309 1513
1356714519 1513
1356714612 1514
1356715689 1514
1356715740 1514
1356715770 1514
1356715826 1514
1356718158 1514
1356718367 1514
1356890954 1514
1356891967 1514
1356929991 1565
1356933943 1582
1356933972 1582
1356934020 1582
1356934089 1582
1357070411 1582
1357070621 1584
1359339732 1584
1373534175 1588
1373537145 1631
1373540306 1657
1373544297 1661
1373546309 1603
1373548718 1607
1373550738 1617
1373878733 1660
1374488159 1660
1374488280 1671
1374488493 1696
1374997607 1730
1375182444 1760
1375511403 1760
1375808418 1760
1391011279 1767
1391011422 1767
1397181606 1850
1397181807 1856
1397181887 1856
1421113724 1856
1422123002 1851
1423015126 1851
1423015485 1849
1430977463 1849
1432786137 1985
1432871069 1985
1432871197 1986
1439993693 1988
1454387690 1988
1454389313 1994
1454390304 1993
1454391648 1953
1454403917 1989
1454405455 1972
1454407374 1989
1454427524 1910
1454430379 1920
1454486612 1988
1454492039 2023
1454569806 2047
1454581025 2087
1454853327 2209
1457938993 2209
